27.52
87.42
-43.97
11.86
64.11
-65.24
-54.03
-1.84
-88.20
-90.67
54.41
40.46
50.48
-5.72
2.65
47.05
-17.35
27.26
90.47
43.98
-59.28
9.03
-93.38
-54.78
-1.64
85.79
56.68
20.29
-97.83
-73.75
-55.79
-32.87
41.14
-37.32
-48.80
-9.54
2.52
50.33
95.42
-7.59
-38.87
85.84
-48.73
43.50
-30.04
-83.58
-25.60
98.93
-53.99
1.93
9.10
55.86
-28.69
90.70
61.36
92.66
8.45
-63.66
14.79
90.83
-15.72
70.09
-8.32
27.37
43.66
-17.86
47.74
-42.99
-0.08
10.16
-69.29
-69.69
-62.55
33.10
-9.41
-82.18
-98.44
85.60
-97.90
59.74
86.28
73.56
-28.90
65.90
23.31
-58.87
63.07
97.96
2.13
-90.42
11.12
28.60
38.62
-97.91
-39.55
30.54
-83.96
-48.89
89.04
83.93
96.66
-85.32
-34.36
-79.12
-78.72
-77.88
-31.73
3.50
-51.82